frame velocity-addSource velocity-diffuse velocity-project1 velocity-advect velocity-project2 density-addSource density-diffuse density-advect 
0.0 0.017856 1.317504 0.520224 0.079424 0.519008 0.005056 0.437344 0.023424 
1e-06 0.014304 1.318208 0.524928 0.068288 0.52544 0.004768 0.435808 0.023136 
2e-06 0.014432 1.323168 0.519712 0.068352 0.52464 0.0048 0.442592 0.023104 
3e-06 0.014432 1.313344 0.521344 0.068288 0.526304 0.004832 0.440736 0.023104 
4e-06 0.014304 1.31472 0.518592 0.068256 0.519392 0.004768 0.448256 0.02304 
5e-06 0.014336 1.313024 0.519328 0.068256 0.52432 0.004768 0.447968 0.022976 
6e-06 0.0144 1.320928 0.519648 0.068416 0.529184 0.004832 0.435808 0.023008 
7e-06 0.014496 1.321344 0.526208 0.068128 0.526304 0.004864 0.439776 0.023168 
8e-06 0.014432 1.307008 0.51888 0.068448 0.525952 0.004736 0.442656 0.0232 
9e-06 0.014528 1.317632 0.52128 0.06832 0.524352 0.004864 0.435488 0.023264 
1e-05 0.014368 1.324192 0.523008 0.068512 0.518688 0.004768 0.442336 0.023072 
1.1e-05 0.014432 1.316896 0.518816 0.06816 0.5224 0.004768 0.435904 0.022976 
1.2e-05 0.014432 1.307936 0.520448 0.075264 0.5184 0.004832 0.441504 0.023136 
1.3e-05 0.014368 1.316544 0.518592 0.068448 0.521568 0.0048 0.447328 0.023104 
1.4e-05 0.014432 1.312736 0.533792 0.068416 0.523456 0.004768 0.436224 0.023168 
1.5e-05 0.014496 1.315168 0.524736 0.068032 0.518912 0.004832 0.439264 0.023104 
1.6e-05 0.0144 1.317408 0.525632 0.068352 0.519072 0.004832 0.440224 0.023168 
1.7e-05 0.014496 1.322816 0.51904 0.068224 0.5264 0.0048 0.435968 0.023264 
1.8e-05 0.0144 1.311456 0.522048 0.068352 0.522464 0.004768 0.437344 0.023104 
1.9e-05 0.014336 1.314752 0.524192 0.068288 0.519264 0.004864 0.436928 0.023072 
2e-05 0.014336 1.318304 0.524128 0.068288 0.51936 0.004768 0.439968 0.023008 
2.1e-05 0.014304 1.314624 0.525728 0.068224 0.518432 0.004832 0.437952 0.023104 
2.2e-05 0.014496 1.324736 0.518528 0.068512 0.524064 0.0048 0.442624 0.023104 
2.3e-05 0.0256 1.368704 0.53968 0.070912 0.543744 0.005248 0.454304 0.024352 
2.4e-05 0.014848 1.35936 0.545152 0.070912 0.539264 0.004896 0.456416 0.024 
2.5e-05 0.014816 1.359488 0.559104 0.070848 0.545632 0.00496 0.453056 0.023968 
2.6e-05 0.01488 1.361952 0.539168 0.070944 0.546176 0.004928 0.453504 0.023968 
2.7e-05 0.01472 1.362496 0.54736 0.070816 0.539744 0.004896 0.453632 0.024096 
2.8e-05 0.015072 1.37792 0.542016 0.070784 0.539904 0.004992 0.453632 0.024064 
2.9e-05 0.014912 1.370304 0.544064 0.07088 0.539872 0.005024 0.453568 0.024 
3e-05 0.014944 1.359616 0.541504 0.077504 0.540032 0.004896 0.453696 0.023968 
3.1e-05 0.01472 1.358816 0.539712 0.070752 0.53952 0.004896 0.460768 0.024 
3.2e-05 0.01488 1.364576 0.543712 0.071072 0.539264 0.00496 0.4616 0.023936 
3.3e-05 0.014976 1.369824 0.538496 0.072448 0.539872 0.004864 0.464128 0.024064 
3.4e-05 0.014912 1.368896 0.545504 0.070912 0.539168 0.005024 0.453024 0.024096 
3.5e-05 0.014944 1.364416 0.538944 0.07104 0.546656 0.004928 0.459456 0.024032 
3.6e-05 0.01488 1.368352 0.543904 0.071168 0.539776 0.00496 0.453472 0.024 
3.7e-05 0.014816 1.372128 0.544448 0.07088 0.544512 0.005024 0.453888 0.024032 
3.8e-05 0.014816 1.368384 0.54832 0.070688 0.542016 0.00496 0.454048 0.024064 
3.9e-05 0.014944 1.37024 0.550784 0.070816 0.544768 0.004896 0.454112 0.024032 
4e-05 0.014784 1.375328 0.543968 0.070816 0.53936 0.004928 0.465408 0.023872 
4.1e-05 0.01488 1.358624 0.541856 0.070912 0.540992 0.00496 0.452864 0.023968 
4.2e-05 0.01488 1.36992 0.53888 0.070816 0.543168 0.004896 0.4536 0.023936 
4.3e-05 0.014848 1.382688 0.542336 0.070976 0.539456 0.004928 0.45408 0.023968 
4.4e-05 0.014976 1.372576 0.538944 0.070816 0.551968 0.00496 0.46208 0.024128 
4.5e-05 0.014912 1.376064 0.549024 0.070816 0.542624 0.00496 0.453248 0.030976 
4.6e-05 0.01952 1.411072 0.569952 0.073824 0.565952 0.00464 0.482848 0.024992 
4.7e-05 0.014272 1.416192 0.565536 0.073792 0.559072 0.004672 0.473504 0.024832 
4.8e-05 0.01424 1.414496 0.575584 0.07392 0.55968 0.004672 0.47376 0.02496 
4.9e-05 0.013984 1.419296 0.563936 0.073728 0.566272 0.004672 0.481536 0.0248 
5e-05 0.01424 1.429312 0.563712 0.073632 0.561504 0.004672 0.478208 0.024896 
5.1e-05 0.01408 1.422752 0.56336 0.073888 0.559296 0.004672 0.481344 0.024864 
5.2e-05 0.014304 1.425632 0.568768 0.073696 0.559616 0.004704 0.480032 0.024864 
5.3e-05 0.014144 1.411136 0.563968 0.08048 0.55968 0.004672 0.477824 0.0248 
5.4e-05 0.014272 1.4144 0.5696 0.073728 0.55968 0.004672 0.48096 0.024896 
5.5e-05 0.014048 1.417632 0.563168 0.079424 0.559424 0.004704 0.474464 0.02496 
5.6e-05 0.014112 1.41648 0.568896 0.07392 0.562016 0.004704 0.479968 0.024992 
5.7e-05 0.01408 1.414624 0.570624 0.078208 0.559072 0.004672 0.473888 0.024864 
5.8e-05 0.014048 1.420768 0.571808 0.07376 0.574656 0.010528 0.47952 0.027296 
5.9e-05 0.014048 1.419808 0.564096 0.073824 0.563968 0.004672 0.474048 0.024928 
6e-05 0.014208 1.420352 0.567552 0.073824 0.565312 0.004736 0.473856 0.0288 
6.1e-05 0.014048 1.428608 0.5672 0.073888 0.5648 0.004704 0.474016 0.024896 
6.2e-05 0.014208 1.411712 0.573184 0.073952 0.560064 0.00464 0.474176 0.02496 
6.3e-05 0.019808 1.420416 0.566528 0.0736 0.55952 0.004736 0.48112 0.024864 
6.4e-05 0.019616 1.422272 0.563936 0.073824 0.55984 0.004704 0.479392 0.02496 
6.5e-05 0.014048 1.422208 0.57424 0.073792 0.56272 0.004672 0.473728 0.029504 
6.6e-05 0.014112 1.427712 0.564 0.07376 0.5584 0.004704 0.48048 0.024832 
6.7e-05 0.01408 1.422912 0.570368 0.07376 0.565984 0.0048 0.474272 0.024928 
6.8e-05 0.013984 1.414272 0.564256 0.074112 0.561184 0.00464 0.475232 0.03184 
6.9e-05 0.023872 1.471232 0.576768 0.079712 0.580352 0.005344 0.4896 0.026176 
7e-05 0.015488 1.458784 0.575904 0.076288 0.575648 0.00512 0.484 0.025856 
7.1e-05 0.015232 1.454944 0.581184 0.07616 0.580768 0.005056 0.483968 0.025696 
7.2e-05 0.015424 1.461792 0.574208 0.076608 0.582336 0.013152 0.485152 0.02592 
7.3e-05 0.015328 1.457056 0.578304 0.076224 0.580224 0.005088 0.483552 0.025696 
7.4e-05 0.015264 1.461568 0.577024 0.076256 0.578816 0.005088 0.484032 0.025856 
7.5e-05 0.015296 1.469728 0.580448 0.076352 0.574688 0.005152 0.484192 0.02576 
7.6e-05 0.015392 1.459872 0.575136 0.083232 0.575936 0.00512 0.483328 0.025824 
7.7e-05 0.015136 1.459424 0.57936 0.076352 0.585088 0.00512 0.496128 0.025856 
7.8e-05 0.015328 1.457568 0.574592 0.076224 0.575488 0.005184 0.483552 0.025696 
7.9e-05 0.01536 1.458208 0.574656 0.07616 0.575424 0.005088 0.484064 0.025792 
8e-05 0.015328 1.454528 0.582656 0.076544 0.582176 0.005056 0.484032 0.025792 
8.1e-05 0.020416 1.457408 0.573984 0.076352 0.582368 0.005056 0.48336 0.025856 
8.2e-05 0.015392 1.462592 0.57776 0.076288 0.586048 0.005088 0.487808 0.0264 
8.3e-05 0.015232 1.456192 0.573696 0.080416 0.57568 0.005152 0.48704 0.025824 
8.4e-05 0.01536 1.459744 0.576736 0.076288 0.576992 0.005056 0.485536 0.025824 
8.5e-05 0.015296 1.456736 0.581248 0.080448 0.575424 0.005088 0.489376 0.025792 
8.6e-05 0.015424 1.468512 0.579296 0.076384 0.579968 0.005184 0.495136 0.025888 
8.7e-05 0.015296 1.451648 0.574272 0.076576 0.575488 0.005152 0.485792 0.025824 
8.8e-05 0.015328 1.457376 0.574144 0.076288 0.57504 0.005088 0.491808 0.025792 
8.9e-05 0.015424 1.461728 0.577024 0.076576 0.575392 0.005152 0.484384 0.025888 
9e-05 0.015328 1.456352 0.58064 0.076128 0.587648 0.005152 0.483968 0.025696 
9.1e-05 0.015264 1.47024 0.574016 0.076416 0.576512 0.005152 0.483904 0.032704 
9.2e-05 0.021408 1.5416 0.611648 0.080672 0.622272 0.005408 0.514752 0.02768 
9.3e-05 0.018848 1.544896 0.615424 0.080832 0.616064 0.005152 0.5136 0.027264 
9.4e-05 0.01568 1.54928 0.611008 0.080864 0.61344 0.005216 0.514368 0.027456 
9.5e-05 0.01552 1.545472 0.619712 0.080832 0.612384 0.005216 0.516256 0.027424 
9.6e-05 0.015552 1.549344 0.61232 0.080768 0.624704 0.005312 0.513728 0.027392 
9.7e-05 0.01584 1.543776 0.610848 0.084544 0.609664 0.005248 0.519136 0.02736 
9.8e-05 0.01552 1.556928 0.610464 0.080736 0.615488 0.005184 0.517312 0.02736 
9.9e-05 0.01568 1.55648 0.6112 0.081024 0.62 0.005184 0.514432 0.02736 
0.0001 0.015648 1.545696 0.612128 0.080992 0.616384 0.005184 0.515872 0.027424 
0.000101 0.015584 1.547872 0.611872 0.080896 0.610016 0.005184 0.525536 0.027392 
0.000102 0.015616 1.547136 0.61376 0.0808 0.60944 0.005216 0.519424 0.027296 
0.000103 0.01552 1.552 0.612416 0.080672 0.60976 0.005184 0.516096 0.027392 
0.000104 0.015648 1.550944 0.618176 0.080736 0.610784 0.005248 0.513824 0.02736 
0.000105 0.015424 1.545728 0.610816 0.082432 0.616352 0.005184 0.519328 0.02752 
0.000106 0.015616 1.546144 0.615008 0.080768 0.613312 0.005248 0.513312 0.02752 
0.000107 0.015488 1.551808 0.610944 0.080992 0.611776 0.00528 0.513952 0.02736 
0.000108 0.01552 1.548192 0.61408 0.081024 0.614592 0.00528 0.515712 0.027392 
0.000109 0.015616 1.53968 0.623616 0.080704 0.608992 0.005152 0.5184 0.027648 
0.00011 0.015552 1.546592 0.610752 0.080896 0.609792 0.005248 0.520192 0.027424 
0.000111 0.01584 1.54048 0.615744 0.08064 0.612768 0.005216 0.518848 0.027488 
0.000112 0.018368 1.55872 0.621184 0.080832 0.609504 0.005216 0.516 0.02752 
0.000113 0.01568 1.550304 0.611776 0.0808 0.609696 0.005216 0.514016 0.027328 
0.000114 0.026112 1.598272 0.63104 0.083296 0.637536 0.005568 0.54144 0.028512 
0.000115 0.015936 1.5904 0.635488 0.08336 0.637472 0.00528 0.529024 0.028544 
0.000116 0.016 1.590144 0.63072 0.083136 0.636064 0.005312 0.538688 0.028352 
0.000117 0.018624 1.59504 0.63792 0.083104 0.630976 0.00528 0.529408 0.028352 
0.000118 0.01584 1.595776 0.636736 0.083104 0.62928 0.005184 0.530688 0.02832 
0.000119 0.015936 1.604704 0.636928 0.083136 0.629344 0.005312 0.5392 0.028448 
0.00012 0.015744 1.598432 0.631072 0.083072 0.632096 0.005312 0.538336 0.028192 
0.000121 0.015872 1.594944 0.635904 0.082944 0.634752 0.00528 0.52976 0.028512 
0.000122 0.015712 1.606432 0.631008 0.08736 0.629728 0.00544 0.532 0.028288 
0.000123 0.015872 1.607712 0.6304 0.0832 0.635776 0.005408 0.535488 0.028288 
0.000124 0.015936 1.598496 0.630144 0.082912 0.639616 0.00528 0.529632 0.029888 
0.000125 0.015744 1.590592 0.630464 0.083008 0.629792 0.00528 0.53968 0.028384 
0.000126 0.016128 1.594176 0.634432 0.083232 0.62976 0.00528 0.533984 0.028352 
0.000127 0.016128 1.597696 0.63424 0.083264 0.634976 0.005248 0.531584 0.028352 
0.000128 0.016032 1.600192 0.6376 0.083232 0.636768 0.005344 0.529216 0.028288 
0.000129 0.015872 1.590112 0.6328 0.08304 0.639712 0.005248 0.537664 0.028576 
0.00013 0.015904 1.60304 0.630304 0.083072 0.62976 0.00528 0.534464 0.028384 
0.000131 0.015872 1.596032 0.634016 0.082912 0.629696 0.00528 0.529216 0.028192 
0.000132 0.015936 1.603936 0.630624 0.08304 0.63056 0.005248 0.532416 0.028384 
0.000133 0.015904 1.608 0.638144 0.086624 0.635168 0.00528 0.534432 0.028448 
0.000134 0.01616 1.59744 0.638944 0.083264 0.63712 0.00528 0.538688 0.028256 
0.000135 0.015968 1.599328 0.631168 0.083328 0.630016 0.005248 0.533568 0.028288 
0.000136 0.024832 1.684672 0.658432 0.087616 0.657696 0.006368 0.554944 0.030112 
0.000137 0.017472 1.68624 0.658464 0.087584 0.657312 0.00576 0.557536 0.029888 
0.000138 0.017312 1.680192 0.65888 0.08784 0.664832 0.005824 0.560384 0.029728 
0.000139 0.017312 1.675424 0.66304 0.087488 0.657024 0.005792 0.558304 0.029664 
0.00014 0.024224 1.671808 0.660928 0.087616 0.657792 0.005792 0.555104 0.029696 
0.000141 0.017568 1.68496 0.65776 0.08752 0.657472 0.005792 0.55408 0.029888 
0.000142 0.017376 1.686944 0.65808 0.087488 0.657728 0.005856 0.5544 0.02992 
0.000143 0.017472 1.674336 0.671648 0.087776 0.663392 0.005824 0.55888 0.02992 
0.000144 0.01744 1.674432 0.665376 0.087744 0.663872 0.005888 0.56112 0.029696 
0.000145 0.017536 1.668224 0.660672 0.08752 0.657632 0.005856 0.559488 0.029824 
0.000146 0.01776 1.682496 0.657056 0.087648 0.657888 0.005824 0.554368 0.029728 
0.000147 0.017632 1.683392 0.65968 0.087712 0.66432 0.005856 0.554336 0.029696 
0.000148 0.017312 1.67616 0.657376 0.08768 0.663744 0.005792 0.564672 0.029792 
0.000149 0.017504 1.680256 0.661376 0.08752 0.658144 0.005888 0.567424 0.029888 
0.00015 0.017536 1.670656 0.662752 0.087552 0.663648 0.00576 0.55488 0.029728 
0.000151 0.017376 1.684128 0.659264 0.087424 0.662368 0.005888 0.554208 0.029728 
0.000152 0.0176 1.682208 0.664352 0.087808 0.659968 0.005792 0.5544 0.029696 
0.000153 0.017376 1.684192 0.657664 0.087648 0.668256 0.005792 0.554592 0.029824 
0.000154 0.01744 1.673728 0.657344 0.087264 0.665536 0.005888 0.56016 0.029632 
0.000155 0.01744 1.683296 0.657664 0.087616 0.666048 0.005792 0.557888 0.029792 
0.000156 0.01744 1.676288 0.65728 0.087264 0.663296 0.005792 0.553408 0.029664 
0.000157 0.024192 1.716352 0.67728 0.08992 0.675808 0.00944 0.569536 0.030912 
0.000158 0.018336 1.71184 0.677952 0.089888 0.679456 0.006016 0.569504 0.030624 
0.000159 0.017952 1.71984 0.680992 0.089664 0.681408 0.006016 0.56928 0.030432 
0.00016 0.017888 1.727776 0.675392 0.089792 0.677184 0.006016 0.569248 0.030816 
0.000161 0.017984 1.722656 0.675776 0.089952 0.67584 0.006048 0.57568 0.030624 
0.000162 0.018016 1.710048 0.680512 0.089728 0.683008 0.00608 0.569184 0.030656 
0.000163 0.018048 1.715936 0.674624 0.09488 0.675872 0.006048 0.571168 0.030528 
0.000164 0.017952 1.72832 0.676256 0.089888 0.68112 0.006016 0.571552 0.030496 
0.000165 0.01808 1.726752 0.698144 0.090048 0.679584 0.006016 0.568928 0.030464 
0.000166 0.017984 1.730176 0.681664 0.091328 0.67584 0.006016 0.574048 0.03056 
0.000167 0.018016 1.711744 0.688576 0.09552 0.680896 0.006016 0.569184 0.031584 
0.000168 0.01792 1.73152 0.678144 0.08976 0.67552 0.005984 0.581632 0.030592 
0.000169 0.018016 1.716544 0.677312 0.08992 0.675328 0.00608 0.56928 0.030752 
0.00017 0.017952 1.735616 0.6752 0.090144 0.68208 0.006144 0.574784 0.030592 
0.000171 0.01792 1.723968 0.683712 0.089728 0.676448 0.006016 0.574176 0.03072 
0.000172 0.017984 1.709216 0.675456 0.089952 0.682528 0.006048 0.573024 0.03056 
0.000173 0.018112 1.713792 0.681152 0.089888 0.68192 0.006112 0.576544 0.03616 
0.000174 0.017888 1.713632 0.677728 0.089952 0.681312 0.006016 0.56912 0.030624 
0.000175 0.017952 1.728992 0.675424 0.091264 0.67616 0.006112 0.57424 0.03056 
0.000176 0.01808 1.711552 0.68224 0.08992 0.675616 0.00608 0.574048 0.030592 
0.000177 0.01792 1.713376 0.67664 0.089792 0.684864 0.006048 0.569056 0.030528 
0.000178 0.031808 1.799296 0.712832 0.094688 0.706304 0.006784 0.595456 0.032608 
0.000179 0.019104 1.790528 0.711136 0.094848 0.709152 0.00672 0.595936 0.032128 
0.00018 0.019008 1.794304 0.70624 0.09456 0.706144 0.006976 0.6024 0.032192 
0.000181 0.019104 1.789216 0.713408 0.094528 0.71184 0.006752 0.59712 0.032224 
0.000182 0.01904 1.791456 0.707136 0.094592 0.709216 0.006688 0.601728 0.03216 
0.000183 0.019136 1.794016 0.706848 0.094592 0.7104 0.006752 0.600896 0.03216 
0.000184 0.019328 1.809536 0.70608 0.094464 0.705568 0.00688 0.595392 0.032288 
0.000185 0.019008 1.793568 0.70656 0.0944 0.706464 0.00672 0.594496 0.032128 
0.000186 0.0192 1.787136 0.7064 0.09456 0.716128 0.006656 0.594688 0.032128 
0.000187 0.01904 1.787712 0.7064 0.094368 0.705888 0.006656 0.594752 0.03216 
0.000188 0.01904 1.791872 0.706144 0.094496 0.705344 0.006784 0.594688 0.032064 
0.000189 0.019072 1.7856 0.7128 0.094592 0.705856 0.006752 0.594624 0.032096 
0.00019 0.018944 1.792544 0.706208 0.094464 0.706624 0.00672 0.59568 0.032032 
0.000191 0.019072 1.785856 0.713376 0.094432 0.706176 0.006784 0.5952 0.032192 
0.000192 0.019168 1.786912 0.7064 0.094624 0.708704 0.006848 0.6016 0.03216 
0.000193 0.018816 1.797216 0.70656 0.094592 0.708384 0.006656 0.595168 0.032224 
0.000194 0.019104 1.795104 0.708416 0.094656 0.712128 0.006784 0.595104 0.032 
0.000195 0.019136 1.800064 0.706784 0.094656 0.705888 0.006688 0.594816 0.032384 
0.000196 0.019104 1.79328 0.706336 0.10032 0.71328 0.00672 0.59472 0.032192 
0.000197 0.019008 1.786624 0.706112 0.094496 0.7136 0.006816 0.602016 0.03216 
0.000198 0.019072 1.797216 0.706144 0.094464 0.710304 0.006656 0.594784 0.032192 
0.000199 0.022048 1.855296 0.7336 0.097568 0.73504 0.007008 0.615968 0.033664 
0.0002 0.020128 1.855744 0.734816 0.097472 0.729184 0.0072 0.61872 0.033248 
0.000201 0.020256 1.85232 0.731456 0.097824 0.735712 0.007296 0.614752 0.033216 
0.000202 0.020192 1.856352 0.727968 0.097408 0.734208 0.007168 0.615136 0.033216 
0.000203 0.02048 1.86368 0.728928 0.097248 0.728896 0.007264 0.614944 0.033248 
0.000204 0.020384 1.862144 0.728224 0.09744 0.728832 0.0072 0.616928 0.033248 
0.000205 0.020064 1.857696 0.735264 0.097664 0.733088 0.007232 0.616192 0.03328 
0.000206 0.020224 1.854912 0.728608 0.09744 0.736 0.007264 0.62688 0.03328 
0.000207 0.020096 1.860288 0.734688 0.097568 0.72928 0.007168 0.6176 0.033248 
0.000208 0.020128 1.8656 0.729504 0.097472 0.729536 0.00736 0.619424 0.033216 
0.000209 0.020064 1.850752 0.735232 0.097472 0.731264 0.007104 0.620928 0.033184 
0.00021 0.02032 1.854784 0.728992 0.09728 0.739648 0.007168 0.614848 0.033184 
0.000211 0.020416 1.854016 0.732576 0.09728 0.735008 0.007168 0.621984 0.03328 
0.000212 0.020384 1.86144 0.734016 0.097504 0.729664 0.0072 0.615456 0.033408 
0.000213 0.020192 1.852 0.73024 0.097376 0.733504 0.007072 0.614976 0.033312 
0.000214 0.025504 1.866304 0.728064 0.097376 0.72848 0.007136 0.614624 0.033184 
0.000215 0.020192 1.857408 0.735552 0.097248 0.731424 0.007424 0.616288 0.033184 
0.000216 0.031712 2.040064 0.729632 0.097568 0.73136 0.007456 0.62416 0.033056 
0.000217 0.020512 1.86112 0.728256 0.097728 0.729696 0.007168 0.614496 0.033312 
0.000218 0.026848 1.877728 0.735456 0.095168 0.731328 0.006912 0.637984 0.032672 
0.000219 0.020704 1.886976 0.733984 0.095232 0.73072 0.007744 0.624448 0.032448 
0.00022 0.020448 1.879776 0.744064 0.095104 0.73136 0.00752 0.624928 0.032384 
0.000221 0.02032 1.877984 0.731744 0.095328 0.74288 0.007552 0.624512 0.03232 
0.000222 0.020448 1.879776 0.73744 0.09552 0.736416 0.007552 0.629152 0.032448 
0.000223 0.020416 1.9024 0.738368 0.09552 0.741824 0.00752 0.629952 0.032576 
0.000224 0.020416 1.8896 0.737568 0.09504 0.731648 0.007584 0.623712 0.032384 
0.000225 0.020704 1.875008 0.74016 0.09536 0.730496 0.007584 0.62464 0.032352 
0.000226 0.020512 1.876224 0.733184 0.095424 0.73792 0.00752 0.624096 0.03232 
0.000227 0.02048 1.87504 0.732992 0.095424 0.731648 0.00752 0.631264 0.032384 
0.000228 0.020608 1.876192 0.733088 0.095168 0.737184 0.007616 0.624608 0.032384 
0.000229 0.020448 1.881088 0.733504 0.09488 0.730944 0.007488 0.625408 0.03248 
0.00023 0.020576 1.882336 0.732192 0.095392 0.731072 0.00752 0.624992 0.03248 
0.000231 0.020384 1.87488 0.739168 0.094752 0.73168 0.00752 0.623808 0.032544 
0.000232 0.020352 1.87536 0.73392 0.095648 0.737696 0.00752 0.624128 0.032512 
0.000233 0.020608 1.87344 0.73264 0.09504 0.731488 0.007584 0.623872 0.032448 
0.000234 0.020736 1.883008 0.733024 0.095264 0.730784 0.007648 0.62416 0.03248 
0.000235 0.020704 1.881984 0.737216 0.095232 0.732832 0.007584 0.623968 0.032416 
0.000236 0.020608 1.879616 0.733184 0.0952 0.733504 0.00752 0.623936 0.032416 
0.000237 0.020704 1.894464 0.733184 0.095232 0.73088 0.00768 0.624192 0.032512 
0.000238 0.025472 1.880128 0.735872 0.09568 0.737152 0.007552 0.63008 0.03248 
0.000239 0.028096 2.066496 0.801216 0.103968 0.802016 0.007264 0.693568 0.035968 
0.00024 0.02192 2.061696 0.803936 0.103488 0.802848 0.007808 0.693184 0.035936 
0.000241 0.021984 2.068032 0.799488 0.108768 0.806016 0.007776 0.692832 0.03552 
0.000242 0.022144 2.0712 0.799968 0.103584 0.804224 0.007648 0.700928 0.035584 
0.000243 0.021984 2.057952 0.806176 0.103776 0.802784 0.00752 0.688864 0.035488 
0.000244 0.021984 2.061344 0.80256 0.104032 0.810528 0.00752 0.687488 0.035552 
0.000245 0.022304 2.074496 0.801664 0.103936 0.80256 0.007744 0.687392 0.04272 
0.000246 0.022272 2.062976 0.799584 0.103712 0.807328 0.007744 0.699712 0.035616 
0.000247 0.0224 2.069952 0.799296 0.103584 0.811424 0.007648 0.692672 0.03568 
0.000248 0.022048 2.0752 0.804704 0.103712 0.802752 0.007616 0.688864 0.035648 
0.000249 0.02192 2.059136 0.804064 0.103936 0.809408 0.008032 0.700448 0.035584 
0.00025 0.022048 2.067936 0.806272 0.104096 0.80256 0.007616 0.694624 0.035616 
0.000251 0.022176 2.062976 0.802112 0.103488 0.806528 0.007424 0.687776 0.037376 
0.000252 0.021984 2.065888 0.802656 0.105152 0.80336 0.007808 0.688608 0.035584 
0.000253 0.0224 2.071392 0.799712 0.103392 0.80304 0.00752 0.689408 0.035616 
0.000254 0.022208 2.064544 0.8064 0.103872 0.808 0.007744 0.688256 0.03552 
0.000255 0.021728 2.058784 0.802848 0.103648 0.810112 0.007904 0.692512 0.035584 
0.000256 0.021984 2.062336 0.801312 0.10384 0.80208 0.007648 0.691328 0.035616 
0.000257 0.029472 2.063232 0.79936 0.107488 0.802688 0.007904 0.690816 0.035616 
0.000258 0.02528 2.112704 0.828192 0.106464 0.82352 0.007968 0.70704 0.03808 
0.000259 0.027936 2.109056 0.824704 0.106592 0.822816 0.008352 0.711136 0.037568 
0.00026 0.024544 2.120288 0.823008 0.106176 0.824416 0.008704 0.706368 0.037472 
0.000261 0.024512 2.111232 0.823712 0.113696 0.826496 0.008256 0.706464 0.037504 
0.000262 0.024544 2.10864 0.82736 0.106432 0.823264 0.008352 0.71296 0.037568 
0.000263 0.024448 2.110912 0.823008 0.10608 0.823648 0.008576 0.706656 0.037504 
0.000264 0.024704 2.11424 0.828992 0.106336 0.82544 0.0088 0.710112 0.03776 
0.000265 0.02496 2.120992 0.830048 0.110176 0.824096 0.010208 0.70688 0.037728 
0.000266 0.02432 2.119264 0.831456 0.1064 0.82528 0.00848 0.70672 0.037504 
0.000267 0.024864 2.11312 0.829824 0.1064 0.837472 0.008352 0.710944 0.037472 
0.000268 0.0248 2.109792 0.823488 0.10656 0.823584 0.00864 0.7136 0.0376 
0.000269 0.025024 2.1096 0.8264 0.106208 0.828064 0.008512 0.706432 0.037728 
0.00027 0.024224 2.11984 0.824672 0.110688 0.826784 0.008608 0.707136 0.0376 
0.000271 0.024704 2.120672 0.824576 0.106464 0.827488 0.008352 0.706496 0.0376 
0.000272 0.024736 2.112832 0.830528 0.113248 0.82544 0.008384 0.7104 0.037408 
0.000273 0.02912 2.114208 0.833056 0.1064 0.825888 0.00848 0.713888 0.037408 
0.000274 0.024736 2.106464 0.824416 0.106208 0.829504 0.00816 0.707424 0.037504 
0.000275 0.02528 2.114176 0.8232 0.106368 0.824768 0.008448 0.711072 0.037664 
0.000276 0.024672 2.120736 0.833824 0.106368 0.824288 0.0088 0.707936 0.037504 
0.000277 0.0312 2.251168 0.867424 0.120608 0.876064 0.008576 0.758528 0.041664 
0.000278 0.02816 2.25168 0.87008 0.121376 0.875264 0.00976 0.75696 0.04096 
0.000279 0.029888 2.249152 0.87072 0.123872 0.881856 0.009824 0.76464 0.041248 
0.00028 0.028416 2.24432 0.867616 0.1208 0.880864 0.009504 0.757792 0.04112 
0.000281 0.028224 2.262112 0.866016 0.121152 0.874816 0.010048 0.75728 0.04304 
0.000282 0.028416 2.24736 0.870208 0.121376 0.87984 0.009728 0.757056 0.040992 
0.000283 0.028352 2.251232 0.869024 0.120608 0.87616 0.009664 0.756896 0.040992 
0.000284 0.028192 2.251008 0.873024 0.121152 0.87536 0.00976 0.757152 0.040928 
0.000285 0.028 2.250592 0.874144 0.1208 0.881504 0.009344 0.758464 0.041024 
0.000286 0.028352 2.246816 0.86784 0.121664 0.876128 0.010112 0.76336 0.041056 
0.000287 0.028192 2.25088 0.879264 0.121376 0.87808 0.009664 0.757536 0.041088 
0.000288 0.028224 2.254016 0.87104 0.1208 0.876192 0.009856 0.75712 0.04112 
0.000289 0.028256 2.249408 0.872512 0.121056 0.881216 0.009888 0.762944 0.040896 
0.00029 0.02848 2.25824 0.865792 0.12128 0.884352 0.009792 0.763072 0.040832 
0.000291 0.02832 2.251808 0.8656 0.121024 0.875584 0.009792 0.763936 0.04112 
0.000292 0.027904 2.246016 0.86608 0.120864 0.876608 0.009504 0.757632 0.04096 
0.000293 0.02848 2.256896 0.866176 0.120448 0.875872 0.009856 0.75984 0.040928 
0.000294 0.028672 2.257024 0.86592 0.120832 0.878432 0.009888 0.757696 0.040928 
0.000295 0.028352 2.262304 0.877216 0.1208 0.875104 0.009696 0.757312 0.041024 
0.000296 0.026208 2.30736 0.89904 0.1256 0.90688 0.00896 0.762816 0.043104 
0.000297 0.02752 2.32192 0.901984 0.125856 0.899648 0.009376 0.763488 0.043232 
0.000298 0.0272 2.311744 0.897568 0.125312 0.899168 0.009344 0.761376 0.042816 
0.000299 0.026912 2.317376 0.90272 0.1256 0.904832 0.00928 0.763136 0.042784 
0.0003 0.026976 2.30928 0.90528 0.125664 0.901504 0.00928 0.76352 0.042976 
0.000301 0.027072 2.30816 0.902208 0.125664 0.907264 0.009248 0.764896 0.0424 
0.000302 0.0272 2.314528 0.901536 0.12576 0.904576 0.009312 0.772576 0.043136 
0.000303 0.027584 2.315776 0.897408 0.12576 0.904288 0.009216 0.764832 0.042528 
0.000304 0.027008 2.327392 0.900096 0.125632 0.907264 0.009152 0.761344 0.043168 
0.000305 0.027296 2.318464 0.908608 0.126144 0.90784 0.00928 0.770176 0.043328 
0.000306 0.02672 2.322592 0.902528 0.125856 0.899648 0.009312 0.761856 0.042688 
0.000307 0.027104 2.316992 0.904704 0.126208 0.90176 0.009152 0.760896 0.042976 
0.000308 0.027296 2.317248 0.902304 0.12592 0.906848 0.009632 0.761248 0.043072 
0.000309 0.028448 2.317856 0.896864 0.125568 0.90544 0.009184 0.760768 0.04336 
0.00031 0.02752 2.320224 0.8976 0.125792 0.899296 0.009376 0.761504 0.043168 
0.000311 0.027264 2.32288 0.89792 0.125696 0.905152 0.009248 0.761376 0.043136 
0.000312 0.027072 2.311392 0.914976 0.126048 0.901952 0.009344 0.767104 0.042912 
0.000313 0.04384 2.362176 0.910208 0.128576 0.920608 0.013184 0.778848 0.044896 
0.000314 0.040288 2.358336 0.899008 0.12848 0.919584 0.013536 0.781792 0.044448 
0.000315 0.04032 2.3664 0.8968 0.128992 0.925856 0.013376 0.77936 0.044704 
0.000316 0.040384 2.36624 0.897792 0.132064 0.914432 0.01328 0.776 0.044416 
0.000317 0.040352 2.367808 0.900384 0.129312 0.914752 0.013472 0.779168 0.04496 
0.000318 0.040032 2.366208 0.903904 0.128736 0.915264 0.013632 0.7776 0.044512 
0.000319 0.039968 2.355936 0.896736 0.12864 0.920864 0.013408 0.781152 0.044416 
0.00032 0.04048 2.35968 0.897888 0.129152 0.914208 0.013536 0.783488 0.044448 
0.000321 0.040352 2.368064 0.895808 0.129696 0.914912 0.01344 0.777408 0.044352 
0.000322 0.040384 2.364704 0.899168 0.128448 0.920352 0.0136 0.777184 0.04432 
0.000323 0.04 2.35936 0.90528 0.129024 0.914688 0.013344 0.780928 0.044704 
0.000324 0.040288 2.356992 0.899072 0.128576 0.921888 0.013568 0.778208 0.044192 
0.000325 0.040064 2.365056 0.896992 0.128736 0.915552 0.013728 0.78384 0.044512 
0.000326 0.042304 2.36368 0.896864 0.128896 0.914976 0.01344 0.779168 0.04448 
0.000327 0.040224 2.372736 0.90368 0.128608 0.916352 0.013504 0.777248 0.044704 
0.000328 0.04032 2.358368 0.899808 0.129376 0.913792 0.01344 0.779264 0.04816 
0.000329 0.040096 2.373088 0.90112 0.128704 0.923456 0.013472 0.777536 0.044768 
0.00033 0.040032 2.35344 0.903936 0.128864 0.918784 0.013472 0.777568 0.044544 
0.000331 0.028288 2.500864 0.961152 0.133536 0.947328 0.00896 0.836448 0.04688 
0.000332 0.028672 2.498304 0.959584 0.138112 0.95104 0.009568 0.829664 0.046528 
0.000333 0.02816 2.496352 0.9544 0.135936 0.9552 0.00976 0.830624 0.049856 
0.000334 0.028704 2.503168 0.957024 0.133472 0.948384 0.009568 0.833568 0.046208 
0.000335 0.028768 2.514624 0.955072 0.133312 0.948576 0.00976 0.83088 0.046432 
0.000336 0.028352 2.514464 0.956 0.133056 0.948608 0.009536 0.831712 0.046368 
0.000337 0.028864 2.501376 0.963008 0.133216 0.948704 0.009472 0.83088 0.04672 
0.000338 0.028704 2.497184 0.96176 0.132928 0.96032 0.009984 0.831104 0.045696 
0.000339 0.028448 2.508288 0.956832 0.133312 0.947488 0.009536 0.836672 0.046432 
0.00034 0.028352 2.506304 0.955168 0.133824 0.95168 0.009568 0.833408 0.046688 
0.000341 0.028544 2.50704 0.961248 0.133952 0.946336 0.00976 0.835936 0.046304 
0.000342 0.028352 2.515456 0.958016 0.13344 0.948544 0.009504 0.831296 0.046336 
0.000343 0.02816 2.512896 0.956896 0.133696 0.949216 0.009504 0.83648 0.046432 
0.000344 0.028384 2.5024 0.963136 0.133856 0.945472 0.009696 0.837536 0.046432 
0.000345 0.028544 2.502432 0.954784 0.134272 0.9592 0.009888 0.830528 0.0464 
0.000346 0.029984 2.502944 0.956128 0.13392 0.945952 0.00992 0.84208 0.046368 
0.000347 0.028672 2.497504 0.960704 0.134304 0.946976 0.009536 0.830656 0.046944 
0.000348 0.02832 2.50656 0.9648 0.133312 0.947936 0.009504 0.830784 0.04704 
0.000349 0.028192 2.55024 0.98032 0.139488 0.969088 0.009024 0.85472 0.04688 
0.00035 0.028864 2.562496 0.984864 0.139392 0.969184 0.0096 0.854624 0.046272 
0.000351 0.029312 2.558176 0.977856 0.139712 0.972864 0.009856 0.855904 0.046496 
0.000352 0.029152 2.556576 0.989952 0.139456 0.969376 0.009632 0.854464 0.046368 
0.000353 0.028864 2.555584 0.9792 0.138784 0.982048 0.009824 0.853952 0.046496 
0.000354 0.029312 2.555712 0.984 0.138912 0.968992 0.009728 0.864704 0.046592 
0.000355 0.029184 2.556288 0.98336 0.138816 0.97536 0.009632 0.854528 0.046208 
0.000356 0.029024 2.56208 0.983104 0.13856 0.969664 0.010048 0.855168 0.046528 
0.000357 0.029056 2.560416 0.981312 0.140032 0.969856 0.009664 0.853664 0.046656 
0.000358 0.029152 2.55872 0.982112 0.13936 0.968544 0.009952 0.859584 0.046592 
0.000359 0.029088 2.556864 0.984992 0.1384 0.968416 0.010176 0.854752 0.046272 
0.00036 0.028832 2.555648 0.982208 0.138976 0.97584 0.00992 0.852736 0.046592 
0.000361 0.029184 2.552096 0.983104 0.139328 0.978656 0.009632 0.862688 0.046592 
0.000362 0.02912 2.565024 0.97792 0.13904 0.968032 0.00992 0.857408 0.04704 
0.000363 0.029024 2.572064 0.984672 0.139552 0.967904 0.009824 0.853248 0.046336 
0.000364 0.028896 2.56048 0.980896 0.138496 0.96848 0.010272 0.863456 0.045952 
0.000365 0.028768 2.554816 0.985056 0.139232 0.967904 0.010144 0.852704 0.046688 
0.000366 0.03088 2.605568 0.989952 0.1424 1.001728 0.009664 0.874528 0.0488 
0.000367 0.03296 2.606048 0.989728 0.141216 1.003328 0.011168 0.871872 0.048416 
0.000368 0.032896 2.614208 0.987808 0.147872 1.001408 0.01088 0.871776 0.055104 
0.000369 0.033088 2.614976 0.994496 0.142432 1.002144 0.01104 0.869248 0.048064 
0.00037 0.032576 2.617632 0.993376 0.143072 1.003904 0.01088 0.869952 0.048576 
0.000371 0.033344 2.615328 0.990688 0.143072 1.010816 0.01104 0.872928 0.0488 
0.000372 0.033056 2.61744 0.98912 0.142144 1.000224 0.010816 0.8712 0.04832 
0.000373 0.03312 2.619776 0.994272 0.142304 0.999904 0.010912 0.870784 0.048928 
0.000374 0.033056 2.609856 0.996992 0.14256 0.999008 0.01088 0.876416 0.048224 
0.000375 0.033088 2.607104 0.999584 0.142112 1.00832 0.010912 0.867264 0.048192 
0.000376 0.032672 2.618592 0.99552 0.145984 1.000544 0.01104 0.88032 0.050656 
0.000377 0.032864 2.60816 0.995808 0.142272 1.00448 0.011008 0.870368 0.047808 
0.000378 0.033184 2.621536 0.992608 0.14272 1.00848 0.010944 0.87232 0.048576 
0.000379 0.033152 2.62512 0.988448 0.14176 1.004576 0.01088 0.86688 0.048 
0.00038 0.03344 2.612384 0.998336 0.142592 1.001152 0.010784 0.873504 0.048544 
0.000381 0.032992 2.612192 0.99456 0.14928 1.002784 0.011104 0.86848 0.0488 
0.000382 0.054976 2.664 1.005888 0.147648 1.001024 0.015424 0.874368 0.050528 
0.000383 0.047232 2.67248 1.007168 0.147296 1.007712 0.01568 0.87472 0.049792 
0.000384 0.047136 2.666944 1.005728 0.148832 1.008576 0.015808 0.871232 0.04976 
0.000385 0.047296 2.670144 1.004544 0.147424 1.005952 0.015712 0.8784 0.052864 
0.000386 0.047328 2.6896 1.020192 0.147808 1.002528 0.015712 0.871968 0.049472 
0.000387 0.047232 2.666112 1.013216 0.14704 1.002144 0.015872 0.874048 0.049888 
0.000388 0.0472 2.666848 1.002432 0.147424 1.01264 0.01568 0.874336 0.049984 
0.000389 0.047136 2.665536 1.001952 0.147744 1.0024 0.016256 0.88 0.050144 
0.00039 0.0472 2.65856 1.01264 0.149824 1.001312 0.015776 0.87216 0.049984 
0.000391 0.047232 2.671424 1.001184 0.148416 1.00656 0.015872 0.872352 0.04992 
0.000392 0.04736 2.664544 1.00288 0.147776 1.001984 0.015616 0.871968 0.049632 
0.000393 0.055456 2.666528 1.000032 0.151424 1.002816 0.015776 0.876608 0.049664 
0.000394 0.047264 2.663264 1.006816 0.147456 1.007488 0.015744 0.872192 0.0496 
0.000395 0.047264 2.669632 1.008896 0.1472 1.001504 0.015648 0.878816 0.05008 
0.000396 0.047552 2.661952 1.0024 0.154912 1.008736 0.015616 0.872352 0.0504 
0.000397 0.047488 2.66144 1.008576 0.147616 1.00768 0.015808 0.872224 0.049568 
0.000398 0.038624 2.87776 1.09984 0.152448 1.088768 0.011552 0.962272 0.052096 
0.000399 0.045024 2.876512 1.094432 0.15216 1.09008 0.013408 0.963328 0.05184 
0.0004 0.04 2.886016 1.092544 0.152032 1.090624 0.013568 0.963744 0.051936 
0.000401 0.040128 2.879904 1.091392 0.151744 1.087712 0.013472 0.959584 0.05216 
0.000402 0.040288 2.885664 1.09344 0.15264 1.088 0.013504 0.96416 0.052 
0.000403 0.040736 2.89168 1.088096 0.15168 1.087008 0.01344 0.959648 0.05136 
0.000404 0.040128 2.872608 1.096832 0.152608 1.093856 0.013312 0.962112 0.051808 
0.000405 0.040288 2.884512 1.08672 0.1528 1.093888 0.01376 0.961856 0.051648 
0.000406 0.040896 2.87776 1.090848 0.152128 1.099488 0.013312 0.958976 0.051744 
0.000407 0.040192 2.877152 1.087424 0.155456 1.09776 0.013504 0.966176 0.051232 
0.000408 0.040224 2.884224 1.09024 0.152032 1.092768 0.013408 0.962528 0.051488 
0.000409 0.040032 2.880608 1.087808 0.152448 1.087936 0.013344 0.959104 0.052 
0.00041 0.04032 2.880512 1.088992 0.15168 1.089504 0.013632 0.959264 0.051776 
0.000411 0.040064 2.888928 1.091744 0.152608 1.091776 0.013408 0.959392 0.051648 
0.000412 0.03968 2.881696 1.086752 0.15248 1.09104 0.01312 0.95968 0.051392 
0.000413 0.054048 2.899392 1.095424 0.159648 1.097632 0.016576 0.961472 0.053632 
0.000414 0.050848 2.892384 1.096064 0.155808 1.09808 0.017024 0.966976 0.0536 
0.000415 0.05136 2.888 1.101952 0.155968 1.102656 0.017056 0.96496 0.053312 
0.000416 0.051232 2.89136 1.092608 0.155008 1.09712 0.017152 0.965792 0.052992 
0.000417 0.050816 2.886144 1.095552 0.15504 1.096704 0.023552 0.961056 0.053184 
0.000418 0.050976 2.888288 1.091264 0.155264 1.096192 0.016992 0.973472 0.052672 
0.000419 0.051008 2.891392 1.090496 0.155392 1.092288 0.017152 0.960704 0.053344 
0.00042 0.050752 2.89376 1.09072 0.155424 1.091968 0.016928 0.961184 0.053216 
0.000421 0.051328 2.903392 1.095872 0.155776 1.092512 0.017024 0.965856 0.052928 
0.000422 0.05552 2.898176 1.095296 0.155552 1.096352 0.0168 0.964032 0.052608 
0.000423 0.05152 2.890304 1.09856 0.155008 1.094752 0.016864 0.961216 0.053184 
0.000424 0.05504 2.893344 1.104224 0.154912 1.091584 0.017088 0.960704 0.053056 
0.000425 0.050944 2.894944 1.099232 0.155168 1.104576 0.016896 0.966336 0.053216 
0.000426 0.051168 2.894432 1.10192 0.155552 1.092096 0.017024 0.972896 0.053504 
0.000427 0.051008 2.893152 1.092544 0.155744 1.09664 0.016768 0.96848 0.053248 
0.000428 0.043744 2.97328 1.123808 0.15952 1.125024 0.011712 0.993568 0.05472 
0.000429 0.041664 2.968768 1.123776 0.160448 1.126816 0.013696 0.990048 0.054144 
0.00043 0.04144 2.982464 1.122496 0.16032 1.132096 0.013632 0.988032 0.058592 
0.000431 0.041312 2.982656 1.122528 0.160192 1.12992 0.0136 0.988608 0.054112 
0.000432 0.041504 2.979776 1.13248 0.159648 1.132 0.013632 0.987808 0.0544 
0.000433 0.041568 2.97424 1.131488 0.159744 1.12528 0.01392 0.987904 0.054336 
0.000434 0.041216 2.971616 1.129472 0.159808 1.134016 0.014048 0.988608 0.05408 
0.000435 0.041088 2.973184 1.122592 0.15968 1.128992 0.020352 0.988256 0.053952 
0.000436 0.041632 2.978016 1.127776 0.160832 1.131776 0.013408 0.988992 0.05424 
0.000437 0.04192 2.970272 1.123744 0.159968 1.134784 0.013728 0.994496 0.05408 
0.000438 0.041696 2.985888 1.12736 0.15936 1.125568 0.013536 0.995424 0.054208 
0.000439 0.041696 2.975936 1.123648 0.16048 1.126528 0.013632 0.987456 0.054336 
0.00044 0.041728 2.98704 1.123648 0.1608 1.129504 0.013792 0.988224 0.053984 
0.000441 0.041472 2.980448 1.123904 0.159936 1.125536 0.013984 0.987616 0.054528 
0.000442 0.04144 2.978368 1.124608 0.159968 1.130944 0.013376 0.987936 0.055648 
0.000443 0.041312 2.974656 1.129696 0.160608 1.127328 0.014496 0.988224 0.054048 
0.000444 0.036608 3.071584 1.148384 0.16464 1.150752 0.01104 1.015296 0.056864 
0.000445 0.037856 3.06816 1.157664 0.165792 1.156896 0.012672 1.014944 0.056576 
0.000446 0.038176 3.075488 1.147904 0.165792 1.155232 0.01264 1.023936 0.05632 
0.000447 0.037568 3.07824 1.15136 0.164704 1.151136 0.012448 1.022208 0.057024 
0.000448 0.03792 3.075744 1.146816 0.164576 1.151744 0.012576 1.017824 0.05632 
0.000449 0.03792 3.087552 1.147712 0.164832 1.154976 0.012736 1.01456 0.057312 
0.00045 0.037696 3.086464 1.146304 0.164064 1.155808 0.012928 1.019072 0.056064 
0.000451 0.037792 3.078368 1.147488 0.164992 1.151264 0.012608 1.013856 0.056608 
0.000452 0.03792 3.071392 1.15392 0.16576 1.151008 0.012736 1.020608 0.056 
0.000453 0.037888 3.07712 1.156448 0.166176 1.150656 0.012704 1.014144 0.056544 
0.000454 0.038144 3.070208 1.15904 0.165504 1.158144 0.012544 1.019552 0.05648 
0.000455 0.03808 3.0744 1.152064 0.164896 1.151616 0.012608 1.021184 0.057024 
0.000456 0.03792 3.067968 1.146528 0.164896 1.154784 0.012576 1.022016 0.0568 
0.000457 0.037664 3.07344 1.146272 0.165152 1.155136 0.012992 1.013632 0.05696 
0.000458 0.037824 3.079584 1.147712 0.165664 1.150208 0.012832 1.017728 0.056896 
0.000459 0.03776 3.080896 1.154912 0.165472 1.156384 0.017248 1.013856 0.057056 
0.00046 0.041216 3.272832 1.229888 0.169952 1.211424 0.012352 1.103648 0.058048 
0.000461 0.041824 3.287456 1.224096 0.176704 1.212288 0.013408 1.10432 0.058208 
0.000462 0.041504 3.28528 1.225312 0.169312 1.206624 0.013344 1.097376 0.05776 
0.000463 0.04272 3.286624 1.226208 0.169344 1.215904 0.014208 1.097472 0.0576 
0.000464 0.042176 3.289856 1.22064 0.16944 1.2104 0.014112 1.098304 0.057664 
0.000465 0.041888 3.297344 1.229376 0.169824 1.20736 0.014016 1.096288 0.057632 
0.000466 0.042112 3.28976 1.235264 0.1704 1.207648 0.013664 1.102816 0.057152 
0.000467 0.042528 3.290816 1.221216 0.169312 1.214816 0.014304 1.098016 0.057696 
0.000468 0.043008 3.272832 1.222016 0.170176 1.213664 0.0144 1.096544 0.057088 
0.000469 0.044928 3.27632 1.221696 0.169344 1.226496 0.014112 1.109664 0.057696 
0.00047 0.043936 3.27952 1.232064 0.170208 1.206048 0.014016 1.10384 0.057952 
0.000471 0.043136 3.27392 1.221056 0.16944 1.207232 0.013952 1.10128 0.057984 
0.000472 0.042752 3.277344 1.228128 0.169312 1.210816 0.014144 1.095712 0.05776 
0.000473 0.040928 3.281728 1.221824 0.170048 1.208576 0.014144 1.101792 0.057536 
0.000474 0.06976 3.411712 1.235776 0.17264 1.243616 0.01904 1.114624 0.05952 
0.000475 0.0592 3.37456 1.234656 0.172128 1.241792 0.019648 1.112704 0.058688 
0.000476 0.059232 3.383232 1.23616 0.17536 1.240608 0.019808 1.1144 0.06048 
0.000477 0.059136 3.382272 1.23504 0.172224 1.245856 0.019552 1.118496 0.05904 
0.000478 0.05952 3.373952 1.235936 0.172 1.24352 0.01984 1.113184 0.0592 
0.000479 0.05952 3.380992 1.233984 0.172288 1.290368 0.019616 1.120224 0.0592 
0.00048 0.05952 3.365504 1.241952 0.172384 1.241952 0.019712 1.113216 0.058688 
0.000481 0.059296 3.370944 1.245216 0.171776 1.241792 0.019808 1.114752 0.059008 
0.000482 0.059584 3.368448 1.24768 0.17152 1.247424 0.019872 1.112672 0.05936 
0.000483 0.059456 4.01088 1.238752 0.173056 1.247616 0.019744 1.11776 0.058624 
0.000484 0.059648 3.37264 1.239456 0.172736 1.252992 0.019808 1.112736 0.058784 
0.000485 0.059552 3.368864 1.243936 0.172512 1.251712 0.019968 1.119168 0.058816 
0.000486 0.059392 3.37344 1.236672 0.171424 1.24864 0.019744 1.125344 0.059168 
0.000487 0.046976 3.457216 1.257664 0.174944 1.2576 0.014016 1.147616 0.060864 
0.000488 0.047456 3.444128 1.260928 0.174816 1.267456 0.016032 1.145696 0.059264 
0.000489 0.048256 3.450528 1.257184 0.175104 1.256192 0.015968 1.14304 0.059584 
0.00049 0.047872 3.44432 1.26768 0.174752 1.259232 0.015776 1.145312 0.05968 
0.000491 0.047872 3.449536 1.256128 0.174624 1.255968 0.015264 1.144992 0.059744 
0.000492 0.047616 3.455456 1.261088 0.1744 1.257568 0.015648 1.1448 0.05968 
0.000493 0.04768 3.446176 1.255776 0.175648 1.25824 0.016256 1.143648 0.059296 
0.000494 0.046688 3.450656 1.261984 0.17552 1.2632 0.01568 1.1496 0.059712 
0.000495 0.048192 3.438368 1.266848 0.1752 1.268832 0.015712 1.14448 0.059488 
0.000496 0.048224 3.441248 1.258432 0.17456 1.263488 0.015808 1.145344 0.059488 
0.000497 0.048224 3.446016 1.264544 0.174144 1.262176 0.015648 1.14544 0.059392 
0.000498 0.047424 3.4384 1.256256 0.182432 1.257536 0.015328 1.145312 0.059296 
0.000499 0.047424 3.440448 1.25664 0.175232 1.275872 0.016256 1.145184 0.059424 
0.0005 0.049216 3.445728 1.256 0.175488 1.267872 0.016512 1.154016 0.05904 
0.000501 0.047776 3.4488 1.261792 0.1752 1.256224 0.016224 1.15456 0.059648 
0.000502 0.043808 3.706432 1.362784 0.181792 1.342816 0.01376 1.232864 0.062656 
0.000503 0.043904 3.699296 1.366752 0.18096 1.34048 0.01456 1.243392 0.061888 
0.000504 0.044352 3.704 1.365536 0.181152 1.340832 0.014624 1.232416 0.062016 
0.000505 0.04416 3.699424 1.358944 0.180224 1.343776 0.01456 1.231712 0.061664 
0.000506 0.044 3.697952 1.356352 0.1808 1.341536 0.014688 1.233792 0.062208 
0.000507 0.043616 3.69728 1.356192 0.179808 1.3408 0.014432 1.23168 0.061952 
0.000508 0.044096 3.702944 1.356384 0.180704 1.3408 0.014976 1.232128 0.061664 
0.000509 0.044128 3.701664 1.357344 0.180544 1.341152 0.014656 1.231968 0.061696 
0.00051 0.04416 3.703968 1.367744 0.181056 1.34048 0.01456 1.2312 0.062176 
0.000511 0.044192 3.700128 1.3568 0.181024 1.341088 0.01456 1.232864 0.06208 
0.000512 0.043712 3.702496 1.356128 0.18224 1.340192 0.014304 1.232608 0.06208 
0.000513 0.04384 3.699872 1.357024 0.180448 1.34224 0.01472 1.234528 0.061856 
0.000514 0.04464 3.702144 1.357856 0.180768 1.33968 0.014368 1.231264 0.062048 
0.000515 0.052992 3.82144 1.400896 0.187712 1.3872 0.016096 1.284608 0.064704 
0.000516 0.05344 3.8216 1.405472 0.188896 1.389408 0.017984 1.2792 0.064256 
0.000517 0.05888 3.812992 1.405664 0.188576 1.388192 0.017984 1.279488 0.06432 
0.000518 0.053824 3.822176 1.39984 0.187808 1.39344 0.017536 1.27952 0.06496 
0.000519 0.053184 3.823872 1.405632 0.188704 1.392096 0.017536 1.290144 0.064384 
0.00052 0.053184 3.822496 1.409312 0.189888 1.388544 0.017664 1.279296 0.064352 
0.000521 0.053632 3.818112 1.41408 0.187232 1.394848 0.017696 1.278944 0.064928 
0.000522 0.0536 3.827584 1.4056 0.188544 1.393344 0.017696 1.280224 0.064288 
0.000523 0.05344 3.828896 1.41056 0.18768 1.389376 0.01776 1.282944 0.064832 
0.000524 0.053472 3.82048 1.410624 0.188768 1.387264 0.017472 1.287296 0.064576 
0.000525 0.053376 3.81264 1.39728 0.196032 1.387712 0.017504 1.283488 0.064608 
0.000526 0.053248 3.8144 1.413152 0.188736 1.39488 0.017664 1.285728 0.064448 
0.000527 0.053504 3.817632 1.403712 0.188448 1.40224 0.017504 1.280448 0.06464 
0.000528 0.061024 4.082496 1.490752 0.19472 1.488288 0.02 1.36944 0.068864 
0.000529 0.061408 4.097312 1.48992 0.19568 1.484896 0.020064 1.367808 0.066944 
0.00053 0.060512 4.095712 1.489024 0.195872 1.497088 0.020128 1.362464 0.067168 
0.000531 0.061248 4.089664 1.488544 0.2016 1.492992 0.024768 1.363808 0.067808 
0.000532 0.061152 4.08672 1.491872 0.19568 1.498624 0.019968 1.36256 0.06752 
0.000533 0.061504 4.087424 1.487584 0.196736 1.493312 0.020192 1.368608 0.067712 
0.000534 0.061408 4.085888 1.491776 0.195936 1.492512 0.020224 1.372064 0.0672 
0.000535 0.06128 4.106912 1.491872 0.19696 1.495168 0.020256 1.366784 0.066976 
0.000536 0.065408 4.10784 1.490528 0.194816 1.506208 0.020192 1.368064 0.067072 
0.000537 0.065024 4.09008 1.48912 0.195648 1.497824 0.020128 1.37024 0.066432 
0.000538 0.0608 4.099264 1.493952 0.196608 1.49008 0.020256 1.364192 0.067008 
0.000539 0.06128 4.091232 1.50144 0.199648 1.492416 0.020576 1.369504 0.06672 
0.00054 0.061696 4.091328 1.494752 0.195392 1.487936 0.020224 1.367776 0.066944 
0.000541 0.060576 4.17696 1.525824 0.201792 1.521856 0.019456 1.389728 0.069312 
0.000542 0.05824 4.172384 1.531616 0.202208 1.523424 0.019456 1.38832 0.069472 
0.000543 0.058432 4.180864 1.527616 0.198944 1.523232 0.019232 1.394656 0.06864 
0.000544 0.057952 4.183104 1.533952 0.201248 1.527904 0.019136 1.400544 0.069376 
0.000545 0.058752 4.174432 1.536224 0.201184 1.529984 0.019168 1.390656 0.069024 
0.000546 0.058624 4.175136 1.528288 0.201024 1.5216 0.019136 1.388576 0.06896 
0.000547 0.058176 4.183136 1.525568 0.20608 1.522144 0.019072 1.391104 0.067936 
0.000548 0.05792 4.180896 1.5336 0.207872 1.524832 0.018912 1.394144 0.068736 
0.000549 0.056928 4.17984 1.52608 0.208672 1.52224 0.01936 1.394496 0.068736 
0.00055 0.05696 4.178048 1.52656 0.200032 1.52944 0.018976 1.393632 0.069088 
0.000551 0.058016 4.175872 1.520128 0.201056 1.536928 0.0192 1.389664 0.0688 
0.000552 0.058976 4.1752 1.522816 0.201344 1.528736 0.018976 1.389152 0.068928 
0.000553 0.08144 4.274496 1.556576 0.205536 1.55712 0.025824 1.423936 0.07104 
0.000554 0.074208 4.25904 1.555168 0.205248 1.556416 0.024448 1.427872 0.070656 
0.000555 0.074048 4.267712 1.55376 0.204224 1.57104 0.02464 1.42 0.07072 
0.000556 0.073856 4.269824 1.557088 0.20544 1.56576 0.024448 1.421856 0.070944 
0.000557 0.073856 4.269216 1.558336 0.2048 1.55472 0.02448 1.420064 0.070752 
0.000558 0.074624 4.26448 1.559552 0.204352 1.55712 0.024544 1.421824 0.071328 
0.000559 0.074144 4.273696 1.565472 0.204416 1.56128 0.024352 1.419936 0.070144 
0.00056 0.074144 4.270432 1.561696 0.20768 1.557088 0.024416 1.421696 0.070048 
0.000561 0.073984 4.268992 1.562432 0.204896 1.5568 0.024448 1.429472 0.070016 
0.000562 0.07392 4.264416 1.559168 0.20528 1.559456 0.024352 1.420608 0.069536 
0.000563 0.07392 4.267456 1.55808 0.206176 1.555072 0.024352 1.42096 0.071072 
0.000564 0.074208 4.265984 1.566688 0.204768 1.55952 0.024544 1.421472 0.070848 
0.000565 0.067808 4.569856 1.65856 0.211296 1.65696 0.021856 1.515968 0.07408 
0.000566 0.06576 4.5664 1.659232 0.212064 1.751392 0.021184 1.51536 0.07232 
0.000567 0.06576 4.571776 1.658912 0.211328 1.656928 0.02256 1.514688 0.072832 
0.000568 0.065888 4.564896 1.656224 0.210528 1.657312 0.022976 1.514496 0.07296 
0.000569 0.06576 4.55968 1.664736 0.211968 1.66064 0.021248 1.515776 0.072128 
0.00057 0.066592 4.570432 1.655968 0.211296 1.655968 0.022688 1.5152 0.072608 
0.000571 0.065312 4.564768 1.657472 0.210944 1.657632 0.021408 1.519936 0.071936 
0.000572 0.066624 4.558464 1.655136 0.21024 1.666336 0.022528 1.516672 0.07264 
0.000573 0.066272 4.563072 1.666176 0.210976 1.658112 0.022112 1.514368 0.072448 
0.000574 0.065344 4.565696 1.663552 0.2128 1.654496 0.021184 1.522464 0.072928 
0.000575 0.066688 4.566592 1.655584 0.211808 1.656928 0.021728 1.51584 0.072832 
0.000576 0.072448 4.547264 1.662272 0.21104 1.65584 0.021984 1.522784 0.073248 
0.000577 0.063744 4.688544 1.706688 0.216704 1.703488 0.02096 1.568864 0.074848 
0.000578 0.060768 4.672608 1.707456 0.217376 1.706336 0.020064 1.569312 0.074336 
0.000579 0.061504 4.676064 1.705056 0.218528 1.702304 0.020608 1.565024 0.075072 
0.00058 0.060576 4.678944 1.71216 0.216864 1.702336 0.019904 1.564416 0.074912 
0.000581 0.061056 4.68512 1.705312 0.217504 1.709152 0.020064 1.558848 0.07504 
0.000582 0.06064 4.677632 1.709152 0.217056 1.714752 0.019936 1.558752 0.07456 
0.000583 0.060672 4.677216 1.709856 0.21808 1.712544 0.019616 1.55792 0.07536 
0.000584 0.060448 4.67376 1.708448 0.223488 1.709184 0.019872 1.5696 0.075488 
0.000585 0.061536 4.684384 1.706784 0.217856 1.711552 0.019904 1.564224 0.07472 
0.000586 0.060832 4.679648 1.71248 0.217664 1.7128 0.020064 1.56288 0.075616 
0.000587 0.061312 4.683264 1.704032 0.224352 1.701088 0.019616 1.55728 0.075168 
0.000588 0.071872 4.93936 1.794784 0.222944 1.786272 0.02336 1.642464 0.076992 
0.000589 0.066976 4.961408 1.789728 0.223936 1.78736 0.022976 1.641504 0.077504 
0.00059 0.066816 4.9408 1.803392 0.223488 1.79552 0.021856 1.642432 0.076672 
0.000591 0.066336 4.952416 1.796032 0.224224 1.787872 0.022592 1.639616 0.076704 
0.000592 0.066528 4.95744 1.785792 0.228448 1.790528 0.021984 1.645696 0.076576 
0.000593 0.066304 4.947328 1.791072 0.222944 1.79328 0.022464 1.645024 0.076608 
0.000594 0.069504 4.971904 1.799296 0.22272 1.793696 0.022016 1.657088 0.077248 
0.000595 0.0672 4.940576 1.788992 0.22352 1.792896 0.021888 1.64896 0.07648 
0.000596 0.072064 4.939616 1.793728 0.223712 1.79296 0.022432 1.644032 0.07664 
0.000597 0.066496 4.948928 1.793472 0.224224 1.798496 0.022112 1.646304 0.07696 
0.000598 0.066496 4.953376 1.79392 0.222208 1.795456 0.024032 1.642016 0.07744 
0.000599 0.070208 5.02608 1.815616 0.228736 1.810016 0.022784 1.679648 0.079872 
0.0006 0.065856 5.015744 1.811776 0.228256 1.815104 0.021632 1.668896 0.084704 
0.000601 0.065216 5.0184 1.820512 0.2272 1.816 0.021984 1.67008 0.07904 
0.000602 0.065024 5.011872 1.820832 0.227776 1.816768 0.021664 1.668768 0.079328 
0.000603 0.065536 5.03248 1.815616 0.230176 1.810144 0.021344 1.671104 0.077568 
0.000604 0.064672 5.033632 1.813056 0.227104 1.814272 0.021952 1.676128 0.078304 
0.000605 0.065568 5.024576 1.814912 0.227392 1.813184 0.021536 1.67696 0.078144 
0.000606 0.065376 5.029696 1.813344 0.227456 1.81104 0.0216 1.669728 0.079488 
0.000607 0.06576 5.033632 1.81056 0.227968 1.80848 0.021728 1.672192 0.077696 
0.000608 0.067008 5.033728 1.813792 0.227584 1.81136 0.021312 1.668864 0.078368 
0.000609 0.09072 5.359232 1.926752 0.23632 1.926848 0.029888 1.784416 0.0824 
0.00061 0.085184 5.350656 1.930368 0.236896 1.931744 0.028 1.788224 0.081344 
0.000611 0.085376 5.362688 1.932736 0.234464 1.93472 0.028416 1.783232 0.08176 
0.000612 0.084992 5.362976 1.944064 0.234208 1.927936 0.028032 1.782944 0.081248 
0.000613 0.085024 5.362784 1.928672 0.23552 1.924192 0.028096 1.781536 0.080864 
0.000614 0.084608 5.365056 1.932128 0.235712 1.923648 0.028064 1.7832 0.081184 
0.000615 0.084832 5.374784 1.924832 0.246784 1.930752 0.028192 1.784672 0.081696 
0.000616 0.08512 5.360192 1.926528 0.248256 1.925344 0.028 1.787904 0.08128 
0.000617 0.085632 5.35856 1.932448 0.235168 1.933184 0.02816 1.790464 0.081536 
0.000618 0.085184 5.360768 1.9232 0.23552 1.923744 0.028096 1.78864 0.081536 
0.000619 0.084416 5.372224 1.924512 0.235296 1.942144 0.028288 1.783008 0.082272 
0.00062 0.098336 5.487136 1.96656 0.23936 1.964512 0.032 1.839648 0.08432 
0.000621 0.091584 5.488064 1.967648 0.240608 1.965408 0.030048 1.837696 0.083744 
0.000622 0.09104 5.486304 1.974016 0.241024 1.966272 0.03024 1.839008 0.082656 
0.000623 0.090848 5.491872 1.970048 0.240288 1.978272 0.029952 1.831296 0.083392 
0.000624 0.090912 5.498048 1.966496 0.241792 1.96736 0.030208 1.834144 0.082464 
0.000625 0.091328 5.497824 1.966112 0.240224 1.965952 0.029824 1.831456 0.08352 
0.000626 0.090944 5.4944 1.964992 0.240256 1.964864 0.030016 1.831616 0.082688 
0.000627 0.090912 5.49504 1.967552 0.239552 1.965888 0.029984 1.833024 0.083072 
0.000628 0.0912 5.486624 1.96592 0.242336 1.977024 0.030016 1.832384 0.084352 
0.000629 0.090624 5.495904 1.976224 0.239872 1.964448 0.029888 1.83168 0.08352 
0.00063 0.09072 5.803936 2.080608 0.248896 2.083936 0.029664 1.942688 0.08672 
0.000631 0.083776 5.806624 2.085376 0.24624 2.074976 0.027232 1.938016 0.087232 
0.000632 0.084608 5.812256 2.081376 0.248192 2.078816 0.027552 1.9408 0.08608 
0.000633 0.084064 5.810624 2.084416 0.2488 2.081632 0.027776 1.942016 0.092992 
0.000634 0.08432 5.821216 2.077728 0.24832 2.083968 0.027456 1.944992 0.089824 
0.000635 0.084512 5.799584 2.077376 0.248032 2.085216 0.028 1.938496 0.086688 
0.000636 0.08464 5.81712 2.087872 0.247744 2.084544 0.027936 1.936576 0.086304 
0.000637 0.084128 5.801856 2.091648 0.249728 2.086368 0.027392 1.937792 0.085888 
0.000638 0.08384 5.806912 2.082272 0.248288 2.07808 0.027456 1.937376 0.085376 
0.000639 0.08464 5.805056 2.088352 0.249216 2.080288 0.027616 1.951808 0.086528 
0.00064 0.104416 5.948096 2.13584 0.254752 2.127584 0.034368 1.987744 0.08928 
0.000641 0.09728 5.939616 2.13888 0.253696 2.12672 0.03216 2.001408 0.087776 
0.000642 0.097088 5.950368 2.135456 0.25472 2.1304 0.032096 1.980928 0.08848 
0.000643 0.096896 5.936256 2.135392 0.253824 2.136704 0.032224 1.984576 0.088416 
0.000644 0.10144 5.96736 2.1296 0.257472 2.124992 0.032192 1.986304 0.087584 
0.000645 0.09712 5.9488 2.133696 0.254624 2.125152 0.031776 1.982368 0.087584 
0.000646 0.096992 5.955872 2.13392 0.2528 2.131904 0.031968 1.978688 0.088832 
0.000647 0.097024 5.968608 2.13408 0.253248 2.123136 0.032192 1.987232 0.087296 
0.000648 0.097632 5.945472 2.135296 0.253856 2.137248 0.032032 1.98352 0.087648 
0.000649 0.102016 6.34432 2.26512 0.263328 2.256768 0.033536 2.107712 0.090752 
0.00065 0.095616 6.35008 2.258528 0.262976 2.257568 0.031616 2.107392 0.089728 
0.000651 0.095072 6.349152 2.25728 0.261536 2.251104 0.031328 2.109632 0.0904 
0.000652 0.095328 6.355584 2.260192 0.261024 2.252256 0.031904 2.114208 0.091136 
0.000653 0.095648 6.335648 2.25184 0.26112 2.254752 0.031552 2.117632 0.090656 
0.000654 0.09536 6.33984 2.256928 0.26288 2.266816 0.031296 2.107776 0.091488 
0.000655 0.095808 6.342592 2.258976 0.26288 2.260512 0.03168 2.109504 0.090816 
0.000656 0.094496 6.337088 2.256928 0.261856 2.252192 0.03184 2.106144 0.091584 
0.000657 0.095168 6.348864 2.255552 0.261472 2.254528 0.031456 2.105344 0.091104 
0.000658 0.08976 6.688448 2.378656 0.268736 2.386144 0.02896 2.235552 0.093376 
0.000659 0.08208 6.69184 2.382368 0.270528 2.392544 0.02704 2.229568 0.094112 
0.00066 0.081184 6.69152 2.378848 0.269024 2.386848 0.0272 2.236832 0.092512 
0.000661 0.081472 6.687072 2.386336 0.269632 2.3832 0.02688 2.234016 0.092832 
0.000662 0.081504 6.691712 2.383808 0.271232 2.381856 0.026976 2.236704 0.092896 
0.000663 0.082912 6.674688 2.379328 0.26976 2.390432 0.027168 2.230016 0.092608 
0.000664 0.081088 6.680672 2.384672 0.269696 2.383296 0.02704 2.231008 0.092832 
0.000665 0.081888 6.68784 2.380288 0.271008 2.379712 0.026592 2.227648 0.09216 
0.000666 0.082368 6.697472 2.376128 0.27296 2.375808 0.0264 2.231904 0.092832 
0.000667 0.09872 6.793856 2.407584 0.269344 2.409184 0.031872 2.270624 0.093376 
0.000668 0.090336 6.777376 2.41232 0.270944 2.414208 0.030784 2.2688 0.09232 
0.000669 0.089792 6.793504 2.40928 0.270464 2.416672 0.029536 2.278112 0.09136 
0.00067 0.089792 6.81056 2.412416 0.272 2.409056 0.030272 2.27088 0.092448 
0.000671 0.091072 6.78944 2.402112 0.270144 2.406496 0.030656 2.272416 0.093184 
0.000672 0.089888 6.796544 2.416576 0.268992 2.408064 0.029792 2.278112 0.092832 
0.000673 0.089536 6.784512 2.417376 0.271008 2.41456 0.03024 2.26864 0.091936 
0.000674 0.090208 6.791264 2.41552 0.276096 2.406592 0.030592 2.264896 0.092224 
0.000675 0.088928 6.800064 2.404832 0.269376 2.405344 0.029376 2.269248 0.094176 
0.000676 0.119936 7.170464 2.55296 0.282144 2.529344 0.039808 2.40736 0.098336 
0.000677 0.1144 7.172224 2.546048 0.28192 2.54064 0.0384 2.399648 0.09984 
0.000678 0.119072 7.174368 2.55536 0.28064 2.534016 0.037952 2.403904 0.097856 
0.000679 0.114016 7.185568 2.554848 0.2816 2.536032 0.03824 2.40432 0.098496 
0.00068 0.115616 7.1824 2.544384 0.280928 2.532288 0.038016 2.406208 0.098336 
0.000681 0.115296 7.1736 2.544544 0.281824 2.542784 0.038464 2.40944 0.100992 
0.000682 0.115136 7.172704 2.558208 0.284448 2.53104 0.038272 2.4208 0.097952 
0.000683 0.114752 7.180064 2.562592 0.282112 2.533856 0.038016 2.39648 0.097856 
0.000684 0.112416 7.747424 2.731392 0.293152 2.736384 0.037792 2.577184 0.106112 
0.000685 0.107936 7.730176 2.728512 0.294592 2.740512 0.035936 2.580448 0.103616 
0.000686 0.108064 7.743616 2.732672 0.29296 2.733728 0.036064 2.57872 0.104704 
0.000687 0.113216 7.747808 2.74016 0.296224 2.740864 0.036064 2.580992 0.105024 
0.000688 0.108672 7.750176 2.731712 0.293696 2.75152 0.036064 2.578432 0.104608 
0.000689 0.108864 7.737376 2.751168 0.293632 2.731936 0.036 2.573312 0.104352 
0.00069 0.108224 7.759808 2.7304 0.295264 2.738368 0.036032 2.576672 0.103808 
0.000691 0.108576 7.727616 2.73312 0.2952 2.751296 0.035936 2.574752 0.10448 
0.000692 0.124672 8.587456 2.941056 0.346272 2.941248 0.040832 2.85552 0.119648 
0.000693 0.118336 8.599616 2.943136 0.343296 2.941184 0.03888 2.85504 0.117344 
0.000694 0.117632 8.599552 2.943712 0.342336 2.94448 0.038784 2.87776 0.118304 
0.000695 0.120768 8.568928 2.939648 0.344544 2.966624 0.038944 2.862336 0.120352 
0.000696 0.118048 8.595424 2.942112 0.342752 2.94784 0.038784 2.853088 0.118112 
0.000697 0.117728 8.573728 2.944096 0.342976 2.944384 0.038848 2.849728 0.118016 
0.000698 0.11728 8.572864 2.942336 0.34544 2.9464 0.0392 2.855328 0.119616 
0.000699 0.118464 8.605088 2.94624 0.345952 2.938048 0.039104 2.85856 0.11856 
0.0007 0.105472 9.027616 3.103008 0.357408 3.096 0.03504 3.00832 0.122656 
0.000701 0.099904 9.025984 3.107776 0.352928 3.083776 0.03312 3.015104 0.12272 
0.000702 0.099328 9.02464 3.114144 0.356928 3.095776 0.032992 3.018912 0.122336 
0.000703 0.098816 9.028896 3.09936 0.353792 3.09408 0.033472 3.01024 0.122272 
0.000704 0.098656 9.022272 3.10832 0.3536 3.079264 0.032768 3.020768 0.12352 
0.000705 0.098752 9.02128 3.097216 0.35696 3.079456 0.033216 3.013056 0.122176 
0.000706 0.100064 9.047168 3.099296 0.357376 3.088832 0.033024 3.00976 0.121536 
0.000707 0.110752 9.53472 3.245248 0.364512 3.277312 0.036864 3.163936 0.126144 
0.000708 0.105056 9.53376 3.24816 0.361632 3.26064 0.03456 3.161408 0.125472 
0.000709 0.105728 9.5408 3.251712 0.361728 3.27536 0.034784 3.154208 0.124416 
0.00071 0.10432 9.55536 3.246464 0.362336 3.271136 0.035808 3.16096 0.122848 
0.000711 0.105632 9.545024 3.250944 0.365792 3.2568 0.035072 3.159712 0.12528 
0.000712 0.105024 9.554912 3.249952 0.362368 3.253408 0.035008 3.160224 0.126368 
0.000713 0.12848 10.027456 3.432128 0.373056 3.423008 0.04256 3.347264 0.127136 
0.000714 0.127936 10.034464 3.460128 0.373184 3.419808 0.041056 3.34224 0.127392 
0.000715 0.125344 10.048704 3.430688 0.374304 3.424384 0.041472 3.345568 0.129472 
0.000716 0.126496 10.033664 3.450048 0.372384 3.413536 0.041024 3.33808 0.128928 
0.000717 0.125952 10.025216 3.432128 0.372576 3.418464 0.04128 3.338656 0.128288 
0.000718 0.124704 10.044608 3.436352 0.372768 3.412224 0.041504 3.345152 0.1272 
0.000719 0.12624 10.028672 3.443552 0.37632 3.420896 0.041248 3.347104 0.126336 
0.00072 0.14144 10.351008 3.526432 0.38352 3.521472 0.04656 3.452672 0.132704 
0.000721 0.135424 10.350816 3.529184 0.382208 3.509856 0.044896 3.44496 0.132768 
0.000722 0.138528 10.364288 3.553952 0.384384 3.502176 0.044768 3.45248 0.131584 
0.000723 0.1344 10.335936 3.531264 0.38336 3.516768 0.044256 3.45936 0.1336 
0.000724 0.135104 10.341184 3.525312 0.381312 3.508896 0.044992 3.444288 0.134496 
0.000725 0.134272 10.352576 3.534368 0.384192 3.502592 0.04448 3.460256 0.13264 
0.000726 0.146048 10.934016 3.7272 0.394656 3.720192 0.04672 3.666016 0.137312 
0.000727 0.135968 10.943712 3.719008 0.397664 3.722816 0.045472 3.650368 0.137024 
0.000728 0.135296 10.949952 3.72368 0.398848 3.739456 0.045696 3.654272 0.137216 
0.000729 0.13648 10.957024 3.734016 0.397632 3.72192 0.045408 3.654464 0.136352 
0.00073 0.135872 10.9464 3.72 0.397024 3.72768 0.045984 3.639776 0.137312 
0.000731 0.136704 10.937664 3.7352 0.396768 3.719616 0.045472 3.643968 0.136832 
0.000732 0.148032 11.37184 3.85168 0.403872 3.8424 0.049568 3.79744 0.140032 
0.000733 0.14112 11.371808 3.852832 0.401888 3.84976 0.047648 3.788352 0.137984 
0.000734 0.140448 11.386112 3.844672 0.405248 3.853376 0.048448 3.789408 0.138016 
0.000735 0.140064 11.380256 3.843488 0.399904 3.849248 0.047456 3.797696 0.137696 
0.000736 0.140864 11.374016 3.849568 0.399392 3.855008 0.047296 3.791904 0.13792 
0.000737 0.141152 11.357376 3.856256 0.39984 3.847584 0.047808 3.786464 0.1392 
0.000738 0.122464 11.993952 4.05632 0.413248 4.050496 0.040768 4.009056 0.14272 
0.000739 0.116544 11.987904 4.062816 0.41184 4.054112 0.03856 4.003008 0.143296 
0.00074 0.11584 12.003328 4.043968 0.414016 4.062272 0.038624 4.003712 0.14096 
0.000741 0.11568 11.991744 4.066528 0.414176 4.0576 0.038592 4.004288 0.144384 
0.000742 0.11552 12.010304 4.051488 0.412896 4.054528 0.038848 4.00768 0.143136 
0.000743 0.115744 11.988032 4.064192 0.41376 4.057024 0.038816 4.002016 0.142624 
0.000744 0.135552 12.61904 4.2392 0.427712 4.265216 0.045024 4.195232 0.144704 
0.000745 0.129632 12.629568 4.245216 0.423456 4.251008 0.042912 4.181088 0.147392 
0.000746 0.128736 12.631456 4.244576 0.427616 4.258528 0.047712 4.191488 0.145824 
0.000747 0.1288 12.621664 4.23632 0.424128 4.254304 0.043136 4.179232 0.146336 
0.000748 0.129312 12.619328 4.243264 0.42528 4.25344 0.04352 4.19248 0.147712 
0.000749 0.129376 12.605792 4.230272 0.4224 4.256224 0.0432 4.180352 0.147264 
0.00075 0.137312 13.294272 4.482304 0.440128 4.483072 0.045376 4.420544 0.150784 
0.000751 0.14624 13.349792 4.480608 0.437664 4.458944 0.043456 4.418144 0.152192 
0.000752 0.131488 13.2792 4.485504 0.437344 4.457856 0.04384 4.416832 0.150976 
0.000753 0.13056 13.305472 4.482144 0.43872 4.471744 0.043776 4.420864 0.150624 
0.000754 0.130016 13.285056 4.490688 0.43632 4.458496 0.044032 4.424768 0.150144 
0.000755 0.19584 13.923456 4.68176 0.44912 4.690464 0.061824 4.64368 0.155776 
0.000756 0.18032 13.914432 4.679552 0.446464 4.68176 0.060832 4.642624 0.153856 
0.000757 0.181568 13.94336 4.675648 0.445888 4.683776 0.060096 4.651136 0.15536 
0.000758 0.186112 13.947808 4.679776 0.445824 4.691584 0.06032 4.638304 0.154272 
0.000759 0.180736 13.94384 4.696384 0.444864 4.6872 0.060128 4.651392 0.155104 
0.00076 0.177664 14.637152 4.924352 0.460896 4.926688 0.05888 4.886464 0.160448 
0.000761 0.172352 14.64688 4.90672 0.46048 4.914912 0.05744 4.907296 0.161152 
0.000762 0.172096 14.64368 4.925536 0.459104 4.936096 0.058112 4.881344 0.160864 
0.000763 0.172416 14.62784 4.904288 0.457568 4.91552 0.05792 4.888896 0.15824 
0.000764 0.172192 14.637568 4.915488 0.460128 4.921216 0.056992 4.90032 0.158624 
0.000765 0.177856 15.066912 5.120832 0.473888 5.108864 0.059072 5.024384 0.165344 
0.000766 0.17008 15.063552 5.117472 0.47344 5.123936 0.05744 5.01968 0.166432 
0.000767 0.171296 15.072288 5.102848 0.472 5.111616 0.057248 5.016832 0.165472 
0.000768 0.171168 15.076256 5.105696 0.480672 5.115968 0.056896 5.019776 0.164512 
0.000769 0.171008 15.073792 5.10928 0.47568 5.106432 0.056896 5.016864 0.163392 
0.00077 0.171552 15.423584 5.221856 0.472448 5.21728 0.05728 5.145568 0.165664 
0.000771 0.171008 15.432928 5.22112 0.475392 5.220448 0.0568 5.130432 0.164224 
0.000772 0.1704 15.40992 5.22528 0.47968 5.238304 0.056224 5.1416 0.164704 
0.000773 0.171424 15.424832 5.221088 0.473056 5.225408 0.057088 5.1288 0.164128 
0.000774 0.170048 15.428544 5.229088 0.47632 5.21664 0.056576 5.139008 0.165856 
0.000775 0.17536 15.930528 5.375488 0.485408 5.371968 0.05568 5.318784 0.167968 
0.000776 0.159488 15.95472 5.376 0.480704 5.353632 0.053824 5.331872 0.16528 
0.000777 0.1576 15.926656 5.380064 0.481088 5.369216 0.053056 5.315264 0.1672 
0.000778 0.159648 15.937376 5.367072 0.479936 5.371136 0.052992 5.320736 0.166176 
0.000779 0.157344 15.933984 5.372416 0.478944 5.356032 0.052224 5.32512 0.167648 
0.00078 0.163136 16.698304 5.574496 0.488096 5.562112 0.054592 5.561824 0.171616 
0.000781 0.156704 16.700736 5.58224 0.485824 5.573792 0.052448 5.545792 0.171008 
0.000782 0.15568 16.700928 5.568896 0.492384 5.553632 0.052448 5.548672 0.168864 
0.000783 0.156128 16.70016 5.583872 0.49088 5.583008 0.052736 5.56224 0.17008 
0.000784 0.15776 17.675936 5.87088 0.510016 5.913184 0.052896 5.872544 0.177792 
0.000785 0.152 17.65744 5.875744 0.509056 5.907456 0.05056 5.874528 0.17808 
0.000786 0.15152 17.670144 5.884416 0.507648 5.916224 0.050432 5.876704 0.177024 
0.000787 0.151648 17.676992 5.878368 0.504544 5.920736 0.050656 5.876864 0.177504 
0.000788 0.197152 18.46416 6.170272 0.519648 6.18656 0.065536 6.147776 0.182144 
0.000789 0.189664 18.475904 6.181184 0.52224 6.184928 0.063328 6.164736 0.181632 
0.00079 0.189184 18.468576 6.190624 0.52448 6.189696 0.063392 6.144128 0.181824 
0.000791 0.194208 18.47984 6.186176 0.52208 6.190496 0.0632 6.150464 0.18064 
0.000792 0.199648 19.350176 6.45376 0.537952 6.466912 0.067552 6.456032 0.187264 
0.000793 0.190784 19.354272 6.440416 0.539648 6.466528 0.063392 6.471424 0.188224 
0.000794 0.190816 19.357856 6.452992 0.541568 6.47232 0.066208 6.470912 0.187392 
0.000795 0.19456 19.34864 6.44176 0.5392 6.461088 0.064672 6.472384 0.187584 
0.000796 0.19664 19.3456 6.44384 0.537984 6.460928 0.065984 6.464096 0.188352 
0.000797 0.193504 19.348928 6.450464 0.539936 6.467744 0.065536 6.46176 0.187424 
0.000798 0.19104 19.364416 6.461088 0.541152 6.470112 0.063968 6.473376 0.186912 
0.000799 0.193728 19.35728 6.438912 0.543232 6.45968 0.063968 6.465408 0.188416 
0.0008 0.194464 19.365952 6.437792 0.536224 6.476448 0.063584 6.455424 0.187712 
0.000801 0.190784 19.35632 6.452768 0.539968 6.46608 0.063744 6.46096 0.187328 
0.000802 0.194944 19.341184 6.43872 0.53808 6.461568 0.064064 6.460448 0.188352 
0.000803 0.196896 19.346464 6.445088 0.540096 6.462816 0.064864 6.47728 0.187552 
0.000804 0.196512 19.351168 6.45056 0.538784 6.462816 0.065504 6.47088 0.188448 
0.000805 0.19152 19.334272 6.46368 0.541632 6.458368 0.065408 6.469536 0.18704 
0.000806 0.19584 19.345472 6.447104 0.539744 6.479264 0.064544 6.462048 0.189056 
0.000807 0.194048 19.346112 6.450848 0.537984 6.47808 0.0648 6.460256 0.187968 
0.000808 0.192128 19.355296 6.450592 0.539296 6.473536 0.064672 6.463904 0.18928 
0.000809 0.19344 19.366368 6.440608 0.53792 6.455232 0.064 6.479072 0.18736 
0.00081 0.194976 19.343232 6.436352 0.542016 6.456128 0.062976 6.476512 0.187264 
0.000811 0.192064 19.353632 6.436096 0.536288 6.472128 0.065824 6.465184 0.187456 
0.000812 0.197408 19.33248 6.45024 0.536384 6.463008 0.064096 6.466848 0.186976 
0.000813 0.191648 19.350656 6.44704 0.538176 6.462592 0.066016 6.475232 0.187904 
0.000814 0.197632 19.334048 6.442784 0.544352 6.457952 0.065216 6.4624 0.187296 
0.000815 0.19312 19.354784 6.447104 0.53856 6.46784 0.064704 6.462336 0.189344 
0.000816 0.208 19.495744 6.449344 0.536288 6.46192 0.063808 6.457248 0.187712 
0.000817 0.189888 19.334208 6.440224 0.543232 6.462368 0.064832 6.467328 0.18736 
0.000818 0.194336 19.348512 6.439936 0.539072 6.464 0.066208 6.462912 0.187872 
0.000819 0.197856 19.343136 6.443296 0.536672 6.455104 0.065344 6.462112 0.188192 
0.00082 0.205216 19.338656 6.454528 0.537376 6.464896 0.065888 6.45552 0.187296 
0.000821 0.190944 19.360576 6.447008 0.53728 6.458848 0.064704 6.465152 0.18784 
0.000822 0.197184 19.355072 6.459232 0.540768 6.46832 0.062432 6.457952 0.187712 
0.000823 0.193408 19.364192 6.44288 0.536192 6.467744 0.065088 6.46368 0.18784 
0.000824 0.198464 19.354208 6.43648 0.542176 6.469056 0.06576 6.461696 0.189312 
0.000825 0.192672 19.349376 6.440928 0.539488 6.45808 0.06272 6.476672 0.186432 
0.000826 0.192 19.343264 6.448448 0.537792 6.463872 0.063424 6.478016 0.188224 
0.000827 0.196 19.345216 6.455328 0.539168 6.4632 0.06368 6.45952 0.186976 
0.000828 0.200448 19.35664 6.448 0.537856 6.46624 0.064896 6.472896 0.18656 
0.000829 0.19696 19.328608 6.447616 0.538336 6.4592 0.064864 6.460032 0.18704 
0.00083 0.191232 19.327488 6.444384 0.537984 6.459904 0.064128 6.46288 0.185856 
0.000831 0.192544 19.33936 6.450304 0.535808 6.46512 0.0632 6.468576 0.186688 
0.000832 0.196288 19.344992 6.45024 0.54208 6.464768 0.065472 6.467968 0.191232 
0.000833 0.193152 19.34528 6.447968 0.538112 6.459904 0.066208 6.472928 0.188448 
0.000834 0.192704 19.344768 6.457632 0.542528 6.453472 0.064192 6.456704 0.187008 
0.000835 0.19488 19.343072 6.459296 0.54112 6.459776 0.065344 6.459584 0.1864 
0.000836 0.20944 19.510912 6.448 0.537504 6.475872 0.064064 6.475936 0.186048 
0.000837 0.190816 19.35456 6.445824 0.537344 6.487232 0.063488 6.458784 0.18752 
0.000838 0.192736 19.331776 6.438912 0.540384 6.460704 0.065376 6.466848 0.187168 
0.000839 0.19552 19.367008 6.446016 0.540032 6.471904 0.06464 6.471808 0.187936 
0.00084 0.191968 19.338336 6.448416 0.539008 6.457408 0.063904 6.468352 0.189664 
0.000841 0.18912 19.358336 6.45328 0.539072 6.459904 0.064992 6.4768 0.186368 
0.000842 0.194688 19.344544 6.457504 0.53904 6.46656 0.06432 6.463328 0.186336 
0.000843 0.1944 19.35824 6.439488 0.544576 6.453728 0.064672 6.455808 0.189728 
0.000844 0.194848 19.337568 6.438144 0.54032 6.46416 0.06624 6.455904 0.186976 
0.000845 0.193984 19.343456 6.458112 0.537792 6.479584 0.064384 6.46832 0.189056 
0.000846 0.195328 19.349632 6.450624 0.540256 6.467456 0.062784 6.47136 0.187104 
0.000847 0.194112 19.362688 6.450464 0.540288 6.459264 0.066272 6.453312 0.189984 
0.000848 0.199936 19.343808 6.44448 0.539264 6.458336 0.063808 6.460864 0.18608 
0.000849 0.1928 19.334304 6.449472 0.539136 6.453312 0.062944 6.466528 0.186688 
0.00085 0.19312 19.339584 6.446464 0.53648 6.462624 0.06544 6.450304 0.186432 
0.000851 0.189824 19.333056 6.444128 0.540256 6.479232 0.063904 6.465376 0.186784 
0.000852 0.196992 19.356896 6.43648 0.537184 6.476448 0.065152 6.460288 0.186784 
0.000853 0.194944 19.355104 6.449472 0.53824 6.474336 0.064928 6.46528 0.185312 
0.000854 0.196512 19.349824 6.438432 0.538976 6.456288 0.064352 6.466432 0.186784 
0.000855 0.19152 19.325984 6.444896 0.540448 6.469536 0.066272 6.461632 0.190688 
0.000856 0.19792 19.363552 6.451712 0.538016 6.468576 0.062336 6.456032 0.187712 
0.000857 0.19184 19.345472 6.444608 0.536 6.475264 0.063872 6.466816 0.187776 
0.000858 0.192992 19.373184 6.451296 0.539936 6.465664 0.065984 6.460864 0.185376 
0.000859 0.1944 19.360192 6.452448 0.538496 6.48304 0.06384 6.466784 0.188352 
0.00086 0.198592 19.333152 6.44224 0.537344 6.469504 0.065024 6.472672 0.186912 
0.000861 0.195584 19.334112 6.444896 0.538752 6.451584 0.064544 6.46576 0.19072 
0.000862 0.196096 19.378944 6.443264 0.53888 6.462112 0.064928 6.469312 0.188192 
0.000863 0.199072 19.340032 6.457952 0.53808 6.461184 0.06416 6.452224 0.187808 
0.000864 0.19376 19.337696 6.456448 0.540192 6.458976 0.06544 6.458656 0.186656 
0.000865 0.1952 19.357856 6.44416 0.539488 6.472256 0.066144 6.468224 0.188224 
0.000866 0.194464 19.33536 6.439712 0.539072 6.470912 0.064928 6.456672 0.189152 
0.000867 0.195424 19.350848 6.446304 0.536768 6.463776 0.064544 6.469792 0.189344 
0.000868 0.205984 19.337024 6.4344 0.53696 6.465888 0.065056 6.467328 0.189696 
0.000869 0.191904 19.327456 6.448832 0.53808 6.460352 0.062976 6.467584 0.18624 
0.00087 0.195232 19.328928 6.462464 0.537952 6.461568 0.062464 6.460928 0.1872 
0.000871 0.195584 19.34464 6.45072 0.540992 6.47152 0.064096 6.466432 0.188256 
0.000872 0.198112 19.346336 6.437664 0.540192 6.469184 0.064032 6.45504 0.188704 
0.000873 0.193024 19.339232 6.446016 0.537504 6.459552 0.064896 6.46512 0.18576 
0.000874 0.191808 19.356128 6.439872 0.53664 6.47008 0.064608 6.48288 0.186976 
0.000875 0.19392 19.344992 6.443744 0.53936 6.459648 0.065696 6.46144 0.187648
# points: 875